Count = 6 
Training: 1
[
    {
        "trials": 10,
        "replications": 50,
        "final_scores": "7 2 4 2 4 4 3 1 2 4 2 4 4 3 3 5 4 2 4 3 1 4 0 1 2 5 5 3 2 2 1 3 2 3 5 4 4 1 5 1 1 1 4 2 5 4 5 3 4 5"
    },
    {
        "trials": 20,
        "replications": 50,
        "final_scores": "4 5 4 10 3 3 4 4 7 5 3 1 6 7 1 1 5 8 4 3 9 4 10 7 3 5 3 1 7 8 1 3 4 0 5 5 5 7 4 4 4 8 4 5 4 5 2 3 1 4"
    },
    {
        "trials": 30,
        "replications": 50,
        "final_scores": "5 5 1 10 2 6 1 9 4 6 1 16 1 1 1 12 5 4 2 1 6 4 7 5 7 6 0 3 3 9 7 4 8 7 2 1 14 4 6 1 5 5 6 5 3 2 10 1 3 6"
    },
    {
        "trials": 40,
        "replications": 50,
        "final_scores": "6 3 6 0 11 8 12 6 8 5 9 2 12 8 2 7 9 6 6 6 4 2 4 17 3 7 3 5 2 4 1 6 13 5 5 10 6 5 5 5 9 6 17 1 5 6 4 12 5 9"
    },
    {
        "trials": 50,
        "replications": 50,
        "final_scores": "8 17 6 5 9 5 10 7 6 5 16 15 4 12 1 10 10 9 1 8 3 6 8 11 4 10 3 10 6 4 9 6 4 3 5 8 7 4 15 4 21 6 3 1 3 7 13 11 8 11"
    },
    {
        "trials": 60,
        "replications": 50,
        "final_scores": "7 11 6 22 6 5 4 7 2 16 4 14 7 7 17 1 8 1 12 15 9 6 5 9 9 8 3 2 3 10 14 11 6 12 15 11 8 5 7 14 2 2 19 13 1 8 10 11 14 9"
    },
    {
        "trials": 70,
        "replications": 50,
        "final_scores": "7 10 15 3 6 9 8 8 16 18 4 4 8 5 8 17 5 8 12 13 10 12 11 6 1 13 4 9 2 12 2 13 5 12 3 8 10 2 5 4 11 12 5 13 11 8 9 18 6 11"
    },
    {
        "trials": 80,
        "replications": 50,
        "final_scores": "5 13 9 2 18 17 12 10 8 11 5 6 0 10 13 24 9 14 11 1 2 11 15 8 6 12 8 5 22 9 7 6 14 9 13 14 14 1 8 3 7 1 7 1 8 3 5 11 6 1"
    },
    {
        "trials": 90,
        "replications": 50,
        "final_scores": "15 14 10 7 2 14 9 13 13 17 9 7 8 12 12 14 7 20 14 8 12 18 7 5 7 11 13 3 11 8 10 13 6 14 9 13 8 5 4 12 15 14 12 1 5 12 10 2 5 10"
    },
    {
        "trials": 100,
        "replications": 50,
        "final_scores": "16 16 10 6 24 13 15 11 17 6 11 16 6 13 13 12 21 7 5 10 9 15 11 1 13 8 2 7 15 2 15 15 15 16 13 9 9 14 11 16 5 13 7 12 16 12 8 9 19 6"
    }
]
Training: 2
[
    {
        "trials": 1,
        "replications": 1,
        "final_scores": "3"
    }
]
Training: 3
[
    {
        "trials": 1,
        "replications": 1,
        "final_scores": "1"
    },
    {
        "trials": 2,
        "replications": 1,
        "final_scores": "4"
    }
]
Training: 4
[
    {
        "trials": 1,
        "replications": 50,
        "final_scores": "0 3 2 1 2 2 0 3 4 1 0 0 2 2 2 0 2 1 0 4 2 1 0 2 2 0 4 1 1 1 6 0 1 0 0 0 0 0 4 2 0 0 0 0 1 0 2 1 0 0"
    },
    {
        "trials": 2,
        "replications": 50,
        "final_scores": "0 3 2 3 2 1 5 1 6 2 1 0 0 2 3 3 3 0 2 1 1 1 4 2 0 2 0 3 3 2 2 3 2 4 3 3 1 0 1 3 3 0 1 2 3 4 1 4 2 1"
    },
    {
        "trials": 3,
        "replications": 50,
        "final_scores": "1 0 4 0 3 4 3 2 0 1 2 3 2 3 3 4 3 2 1 2 4 1 1 2 0 3 1 2 2 3 5 3 2 0 2 4 0 1 1 1 4 2 0 4 0 2 9 2 2 1"
    },
    {
        "trials": 4,
        "replications": 50,
        "final_scores": "1 6 1 2 2 2 3 2 3 3 4 2 2 3 4 2 3 2 2 2 0 0 4 3 1 3 6 3 0 4 0 1 2 1 2 3 5 2 0 3 5 2 3 3 0 0 2 2 2 2"
    },
    {
        "trials": 5,
        "replications": 50,
        "final_scores": "2 2 4 0 3 3 3 2 1 3 0 4 2 2 3 2 0 5 2 2 3 5 4 4 2 3 5 3 4 0 2 2 2 4 8 3 2 1 0 3 1 1 6 3 1 1 4 1 3 2"
    },
    {
        "trials": 6,
        "replications": 50,
        "final_scores": "2 1 2 2 4 3 2 4 1 3 1 3 2 3 1 4 2 2 3 4 4 2 1 2 4 2 0 2 0 2 4 3 2 2 1 2 1 1 2 1 3 2 4 1 3 0 2 3 3 4"
    }
]
Training: 5
[
    {
        "trials": 10,
        "replications": 50,
        "final_scores": "1 3 8 2 3 4 2 0 3 4 1 2 4 2 2 4 1 4 6 2 4 2 1 1 6 3 2 4 6 3 1 2 4 3 4 2 1 2 3 3 3 1 3 2 0 4 2 2 6 3"
    },
    {
        "trials": 20,
        "replications": 50,
        "final_scores": "2 5 3 5 4 1 3 6 10 1 2 3 1 3 2 8 5 2 7 7 6 7 0 6 2 5 2 3 10 7 1 3 7 10 3 6 5 6 6 2 5 2 4 5 2 4 1 2 4 3"
    },
    {
        "trials": 30,
        "replications": 50,
        "final_scores": "3 14 7 4 11 7 9 8 2 4 6 17 4 7 3 5 7 7 5 4 3 5 7 3 8 7 5 6 15 6 5 1 6 8 4 4 1 17 3 6 6 1 8 2 1 7 14 5 9 3"
    },
    {
        "trials": 40,
        "replications": 50,
        "final_scores": "2 10 4 3 6 2 7 9 4 11 4 2 2 10 3 4 4 1 5 0 12 3 5 1 10 6 11 11 7 5 8 4 1 10 5 10 3 9 4 6 6 5 6 2 4 5 2 16 18 2"
    },
    {
        "trials": 50,
        "replications": 50,
        "final_scores": "7 6 5 5 14 14 10 11 6 3 9 19 1 11 12 15 5 4 13 4 6 2 8 4 6 10 14 5 8 7 11 14 6 2 5 13 0 4 2 8 10 0 1 5 11 7 6 7 9 9"
    },
    {
        "trials": 60,
        "replications": 50,
        "final_scores": "6 6 6 20 5 15 8 5 2 5 8 7 9 16 17 7 8 17 12 1 6 15 1 2 13 4 4 6 6 9 11 3 2 6 11 14 10 7 9 10 6 12 8 6 14 18 4 13 16 9"
    },
    {
        "trials": 70,
        "replications": 50,
        "final_scores": "2 3 5 16 13 7 7 5 9 8 9 6 7 10 2 10 12 2 12 9 1 7 4 16 9 9 7 10 9 18 5 3 8 12 3 10 4 10 12 8 16 22 1 11 1 1 9 7 8 1"
    },
    {
        "trials": 80,
        "replications": 50,
        "final_scores": "9 8 5 9 7 4 8 11 25 19 10 9 11 6 10 9 13 1 8 5 15 14 14 8 9 13 16 9 13 18 1 15 9 12 2 12 10 12 12 8 13 13 1 15 4 11 12 3 5 7"
    },
    {
        "trials": 90,
        "replications": 50,
        "final_scores": "3 3 10 21 1 17 9 13 1 1 9 4 8 12 7 25 15 13 22 15 17 8 2 12 6 15 8 11 9 11 28 6 14 9 8 10 9 14 5 1 14 16 5 27 16 6 7 7 19 12"
    },
    {
        "trials": 100,
        "replications": 50,
        "final_scores": "1 14 12 6 14 7 9 14 11 5 5 6 14 17 18 5 21 10 10 8 8 11 9 11 16 11 5 15 12 7 9 14 10 25 3 5 9 11 6 11 11 10 1 11 6 14 19 21 7 16"
    }
]
Training: 6
[
    {
        "trials": 10,
        "replications": 100,
        "final_scores": "2 1 6 1 3 6 2 1 1 4 2 1 5 5 1 2 3 3 3 6 6 2 2 7 1 11 3 3 4 7 4 5 2 2 3 5 0 1 5 4 6 1 2 1 2 3 5 6 1 6 6 3 7 0 5 4 5 4 0 10 0 2 4 4 0 6 1 5 3 1 6 1 3 4 6 2 2 3 3 0 1 1 2 3 1 1 10 4 4 8 2 6 2 4 2 1 2 0 1 6"
    },
    {
        "trials": 20,
        "replications": 100,
        "final_scores": "17 3 3 1 1 2 13 7 3 16 4 1 2 0 8 7 13 5 4 7 6 1 1 5 8 5 2 13 4 7 8 7 9 6 7 3 8 2 5 9 2 5 6 5 8 7 10 11 4 14 5 3 12 4 5 3 4 1 6 0 3 8 3 4 8 2 2 12 3 7 9 5 4 8 4 1 9 6 6 2 14 1 9 5 8 7 9 15 9 2 3 11 9 3 3 3 1 8 8 4"
    },
    {
        "trials": 30,
        "replications": 100,
        "final_scores": "4 3 1 6 6 2 2 5 7 7 7 7 3 5 14 2 2 12 2 10 13 5 5 7 14 5 2 9 5 15 8 1 5 1 16 7 10 18 1 3 7 4 6 7 5 8 1 1 1 2 14 2 8 4 2 10 4 15 1 2 14 11 22 1 10 5 6 8 0 1 3 1 5 12 1 18 2 4 1 7 11 6 9 5 2 10 9 5 5 11 15 6 8 7 8 5 1 12 2 6"
    },
    {
        "trials": 40,
        "replications": 100,
        "final_scores": "11 26 8 13 5 24 12 1 4 18 8 17 12 12 5 12 11 7 11 2 14 7 5 13 8 6 12 12 0 8 4 11 1 8 3 1 2 7 1 7 20 5 1 8 9 6 15 14 3 11 2 20 5 2 1 12 14 1 1 15 9 16 12 10 1 16 11 8 1 11 6 21 13 20 9 6 5 6 8 29 16 18 20 11 16 11 5 11 12 4 9 5 1 4 11 5 3 4 6 16"
    },
    {
        "trials": 50,
        "replications": 100,
        "final_scores": "1 9 5 10 1 11 12 9 10 7 7 4 18 4 9 13 9 1 8 9 14 3 2 11 1 5 6 1 3 14 7 12 3 11 2 11 1 14 14 1 12 1 12 15 5 9 4 12 11 11 8 13 4 1 2 14 6 7 15 4 5 2 3 9 19 16 4 0 1 17 13 2 11 8 2 7 7 15 8 7 15 13 13 16 21 8 14 12 9 13 11 1 10 7 16 2 14 18 10 6"
    },
    {
        "trials": 60,
        "replications": 100,
        "final_scores": "24 5 11 19 15 1 4 14 4 20 1 11 8 14 13 12 5 16 1 10 9 8 8 15 11 7 21 13 17 13 10 23 14 10 8 18 1 22 8 16 8 4 12 4 9 5 10 19 15 13 12 11 18 3 11 15 12 7 18 3 13 8 13 16 1 4 19 9 12 5 11 9 14 12 12 10 10 7 11 13 11 22 14 12 19 17 17 4 11 14 13 16 17 2 12 5 4 21 9 15"
    },
    {
        "trials": 70,
        "replications": 100,
        "final_scores": "16 14 12 11 2 15 2 13 13 17 9 14 9 23 19 8 16 9 8 13 1 9 9 13 10 5 12 16 20 16 16 7 16 12 12 16 10 11 13 10 9 10 11 10 15 6 10 4 12 11 12 17 7 15 22 13 20 20 17 9 12 14 1 10 20 1 9 10 13 12 9 19 19 22 5 16 19 16 18 8 17 12 12 8 13 16 12 22 17 1 10 17 13 16 2 18 8 13 2 11"
    },
    {
        "trials": 80,
        "replications": 100,
        "final_scores": "1 7 2 3 1 20 17 8 10 20 7 13 12 9 18 25 10 16 18 14 18 11 10 20 14 21 4 16 13 9 1 3 13 9 11 8 7 8 10 10 9 23 15 16 5 16 10 19 14 9 8 15 7 7 16 12 18 15 20 24 15 3 2 10 16 18 9 10 15 7 7 14 2 10 10 15 5 15 14 23 16 4 6 12 12 7 10 14 7 5 9 12 9 15 13 9 1 8 3 13"
    },
    {
        "trials": 90,
        "replications": 100,
        "final_scores": "9 22 14 1 20 11 20 18 9 17 1 14 24 19 6 2 1 13 7 13 17 7 9 13 9 1 14 11 12 11 19 12 12 9 16 12 15 18 16 8 7 9 7 12 14 22 16 10 4 19 7 18 11 9 18 14 10 23 11 20 14 2 13 15 15 12 22 20 19 9 7 7 9 23 14 18 14 18 11 8 9 9 6 12 9 8 12 10 9 13 19 24 9 2 12 15 11 1 14 11"
    },
    {
        "trials": 100,
        "replications": 100,
        "final_scores": "17 1 13 17 11 11 7 15 9 17 14 11 10 13 17 20 16 10 9 18 12 7 14 6 9 7 9 7 3 10 24 4 10 9 1 18 14 20 19 7 2 15 2 8 13 10 17 23 8 11 12 11 11 14 9 17 10 22 8 14 22 9 11 15 13 7 17 19 6 7 11 9 10 12 17 17 9 10 18 16 7 15 18 6 16 2 9 12 14 11 11 13 12 12 19 18 19 11 13 17"
    },
    {
        "trials": 110,
        "replications": 100,
        "final_scores": "17 8 7 18 10 9 15 10 10 19 28 8 15 14 8 1 12 14 11 12 17 15 9 31 18 12 25 7 11 14 8 7 12 11 13 19 10 12 16 11 7 8 7 21 18 8 9 27 12 4 15 15 12 17 8 9 8 2 14 21 11 11 10 11 9 11 9 15 9 9 19 13 18 17 10 13 11 1 7 10 11 16 21 20 12 5 10 17 11 13 8 18 13 17 4 11 5 10 11 19"
    },
    {
        "trials": 120,
        "replications": 100,
        "final_scores": "16 10 17 13 9 12 14 8 3 14 22 14 13 11 12 16 26 13 9 7 13 12 16 19 11 16 19 16 21 13 14 7 14 13 21 12 18 3 17 11 16 16 14 12 14 6 9 1 11 9 11 20 15 12 1 13 7 17 14 14 9 1 10 21 15 6 9 15 10 13 7 13 25 11 10 8 15 16 4 4 17 17 9 22 13 13 12 10 13 8 16 16 15 15 12 4 22 7 1 10"
    },
    {
        "trials": 130,
        "replications": 100,
        "final_scores": "15 17 10 13 24 16 14 11 14 15 6 20 10 14 21 11 7 17 10 21 14 14 12 9 18 12 14 15 18 7 15 13 20 20 19 12 16 11 11 7 12 7 12 10 7 27 21 11 8 12 26 14 11 13 16 13 4 4 9 11 16 4 9 17 9 15 9 19 14 18 12 16 8 12 15 15 13 20 7 16 20 25 11 14 1 11 16 21 17 5 6 22 9 5 9 16 18 8 18 16"
    },
    {
        "trials": 140,
        "replications": 100,
        "final_scores": "12 8 16 1 9 13 14 10 7 10 13 9 19 9 11 12 2 11 17 10 16 29 2 11 3 4 21 11 12 16 17 8 19 11 21 9 11 5 7 12 10 7 31 28 10 10 11 7 13 8 14 12 24 10 9 11 11 17 15 11 12 7 14 8 11 10 16 20 16 7 17 16 8 13 21 10 19 16 6 8 9 17 7 11 5 13 13 10 11 12 15 16 4 21 23 15 7 11 11 22"
    },
    {
        "trials": 150,
        "replications": 100,
        "final_scores": "7 16 16 2 11 16 7 2 7 13 15 9 16 9 27 9 11 15 16 18 19 12 9 12 19 9 16 12 15 23 8 11 7 8 9 20 8 16 9 9 16 14 10 8 25 18 15 13 14 10 2 14 2 13 6 16 24 17 16 13 13 10 19 11 18 20 22 15 23 17 17 11 10 12 1 14 10 13 15 11 6 9 12 19 18 11 10 11 8 24 19 14 10 7 10 12 12 11 18 1"
    },
    {
        "trials": 160,
        "replications": 100,
        "final_scores": "17 8 2 15 19 8 8 17 13 13 22 18 15 17 9 9 21 15 20 12 11 17 9 10 17 10 21 13 16 15 14 16 13 11 8 12 20 12 9 2 10 1 12 13 9 18 24 26 12 12 12 16 15 13 11 23 21 14 19 12 7 7 11 7 13 14 21 2 16 17 2 18 17 18 13 30 12 9 9 17 15 19 14 12 11 16 13 18 1 20 2 13 18 5 15 10 17 17 11 26"
    },
    {
        "trials": 170,
        "replications": 100,
        "final_scores": "5 2 5 17 10 9 18 9 5 18 19 18 23 16 23 14 17 13 14 12 9 6 12 28 12 17 16 16 12 9 13 14 13 1 17 9 18 13 20 18 15 14 28 14 2 11 15 4 15 18 11 9 18 23 7 9 12 25 11 14 17 9 17 29 16 1 10 10 13 7 11 23 18 22 14 11 12 9 13 9 14 1 12 23 10 10 15 26 17 16 17 9 24 6 16 13 11 8 1 8"
    },
    {
        "trials": 180,
        "replications": 100,
        "final_scores": "14 7 8 11 19 11 14 21 12 12 4 11 17 11 19 10 18 8 15 9 15 17 11 15 9 16 12 22 11 9 24 22 5 14 17 11 28 10 13 12 11 7 14 15 10 10 9 14 15 9 8 15 5 18 19 11 15 13 13 15 12 16 18 16 14 17 17 9 19 25 15 11 6 12 22 21 13 14 21 10 10 14 24 19 7 7 16 12 13 10 13 8 15 14 10 22 9 11 22 9"
    },
    {
        "trials": 190,
        "replications": 100,
        "final_scores": "10 13 13 18 7 23 10 12 12 9 14 19 14 11 14 7 14 15 17 15 20 8 21 17 19 16 17 9 8 7 11 20 16 15 12 15 14 14 17 8 14 26 10 13 16 20 14 11 13 13 18 14 21 19 19 9 4 23 10 18 19 22 18 11 17 9 16 13 2 8 15 9 17 1 6 2 16 21 20 8 21 14 13 11 19 12 17 12 8 15 13 11 21 7 13 11 25 9 15 13"
    },
    {
        "trials": 200,
        "replications": 100,
        "final_scores": "20 19 13 2 17 7 23 15 9 10 17 13 10 9 20 12 15 16 17 12 9 12 12 27 20 7 15 20 12 13 26 13 14 16 4 5 12 11 10 18 22 13 4 8 17 5 12 12 11 19 14 7 14 7 11 18 11 19 12 12 7 19 17 11 30 10 19 10 19 15 11 6 7 20 25 9 24 18 11 24 18 11 12 16 14 24 14 4 20 14 15 11 20 12 20 22 21 14 18 15"
    }
]
